1
8
16
1
7
3
4
1
16
7
10
1
1
5
5
3
6
7
8
5
8
8
8
7
6
9
1
2
16
6
1
5
7
11
5
9
9
14
5
3
7
4
11
3
10
6
7
7
3
5
13
11
1
10
1
1
7
7
3
4
8
3
1
4
5
7
6
1
3
4
9
10
14
3
5
1
1
4
8
15
10
5
9
6
8
3
6
1
8
6
1
7
8
11
4
12
3
7
3
9
8
5
1
11
6
6
7
7
11
5
5
6
1
3
8
4
1
9
6
3
9
11
11
8
1
11
4
6
8
8
7
1
2
5
1
3
7
9
7
6
11
16
6
12
4
11
3
11
8
1
5
7
13
3
1
6
5
7
5
6
10
7
1
7
8
10
7
6
12
10
7
5
2
7
4
12
16
2
5
17
7
10
7
9
9
5
11
7
6
1
1
3
9
9
7
3
4
5
8
4
5
7
1
7
11
10
6
7
4
5
4
4
10
8
9
3
1
6
12
5
5
7
8
5
11
1
8
5
1
2
5
11
9
9
8
7
1
2
5
5
1
9
7
1
1
4
6
12
6
9
1
6
1
6
13
11
13
8
3
10
8
3
2
3
9
7
3
6
6
7
1
1
5
8
6
6
7
11
5
5
5
5
4
6
1
4
8
9
6
4
4
9
6
6
6
5
1
4
10
13
3
6
3
14
6
5
4
12
8
5
5
1
1
5
8
6
8
13
11
5
5
3
6
7
7
8
4
7
11
8
15
6
7
6
3
5
1
1
3
6
13
10
7
1
5
7
3
7
1
3
1
9
6
6
6
10
7
6
6
12
10
10
1
1
9
11
3
9
3
13
8
9
1
5
5
7
6
6
5
9
13
7
8
9
5
4
4
12
9
9
13
1
1
1
1
4
6
6
6
3
6
5
4
13
15
10
11
5
5
7
4
9
4
6
8
12
3
8
6
3
10
1
1
4
4
11
8
10
3
11
7
5
3
1
8
6
1
8
5
1
15
7
5
8
9
9
12
13
9
9
6
1
7
4
4
10
10
3
6
3
4
6
4
4
5
7
1
5
5
3
8
2
11
7
2
10
7
2
7
6
7
6
8
7
1
10
6
4
5
4
14
12
8
7
1
9
7
1
5
6
5
10
1
6
5
12
5
7
7
5
3
7
8
4
9
5
6
6
12
1
6
5
1
5
10
8
5
8
4
